[food.jpg]
moddate=c235e8c3e960d201
width=1270
height=604
text=1;203;74;             Hungry?&#010;Need Delicious Food!!&#010;         Order Now Food Club.. ;Calibri Light;0.145329,0.234337,0.083333,0.000000;v1,4294967295,4284652595,128.000000,1.000000,0.500000,1.000000,400,2,49152;;
textactive=1
[food1.jpg]
filters=crop64=1,f60191ffffe5e0;
crop=rect64(f60191ffffe5e0)
moddate=12af03f9e3bcd201
width=800
height=490
textactive=0
